0.002673584748343995
0.03874470192855743
0.06893605695153657
0.1609744234675073
0.3321568613479927
0.1318195590052869
0.3787354983874397
0.11740656155138998
0.4159788548839332
0.5892136285195604
0.19390193186592505
0.18107163057190928
0.29757236151265953
0.10584251181550856
0.19923802483774694
0.14017887036362653
0.10380715007320608
0.11668202725887629
0.11463505160247388
0.07745128314772798
0.13633576516765647
0.006218668691462479
0.2928977013329982
0.124698049461292
1.6096336993842313
1.061947992325382
0.21226787443213238
0.03627844634695854
0.07230939489765577
0.06515711000449285
0.059127704393238126
0.20507211388094404
0.13965342001112793
0.1442959604337632
0.2720040916060284
0.32361116744022567
0.10099598778472614
0.08004395738370569
0.11387470202520393
0.10011947881993415
0.011472564645000169
0.01834810000457021
0.19117419258924395
0.07357540487457265
0.3423280961904773
0.044704584194646305
0.014965821973871932
0.013490514855148229
0.0036012816819607184
0.0056279040288119125
0.0
