0.010667759021789174
0.04867746417394028
0.5234194238789796
1.2937556263917271
0.9057618769383462
0.4143089910020806
0.07583287678877035
0.0382131303978667
0.019513889542137217
0.028723874395930542
0.03105324705781476
0.07395497379143932
0.07379107250518832
0.11982620735571789
0.08297017846658142
0.09914882512061673
0.12021232772357632
0.0528286528081651
0.03921170578311832
0.02642729284179651
0.06228068973488503
0.005833462443118318
0.09974261413439427
0.03830762776645636
0.06550783729535252
0.03961781923159069
0.023385682234300403
0.01641880788648633
0.033622231803834654
0.04742413263354672
0.09202551867039212
0.21411535112094315
0.13462868643257336
0.12429934556884716
0.25028008483024666
0.22751554478481376
0.11628325911676424
0.027021371585384313
0.07553114762064145
0.018773279143161722
0.004355555184499162
0.005170429808294259
0.04088932204066464
0.03605457689121098
0.05267955510848478
0.008116041252433688
0.0037717374175374125
0.009682067776818938
0.0012710419988157032
0.0011575316575559182
0.0
