0.0047633688745798795
0.037304914812890416
0.21666694852892415
0.7703874852340683
0.3174931979295579
0.4499799306383766
0.1524127727220254
0.15429962875822026
0.32991971116728647
0.5035047959650719
0.08146500459590104
0.2275292161227221
0.3130075210855205
0.1138614432850276
0.15530787473547294
0.0896493501371815
0.1764179474369494
0.0842331307585212
0.08960468328056134
0.04876041310624901
0.06688990558542197
0.005169807147463474
0.14737241043875124
0.08667012592912668
1.475345981186334
0.7456698957211356
0.16999412523130641
0.06749219975626781
0.07682004123616581
0.04670391573557679
0.03220421394197913
0.14557592280279033
0.1423418826222728
0.10734419636318501
0.15133246042933673
0.20331784268930195
0.07038980593186311
0.0590393156700997
0.12915986336683374
0.03303052685163127
0.013776656170759776
0.017278003344967877
0.09366309113035744
0.03318743484827694
0.06439366379348921
0.01816402029946962
0.010067530051648847
0.014256243719445423
0.012418814085177568
0.006184931700054501
0.0
