0.013837111342795704
0.0520498273940452
0.28839740304857847
0.9688890923137896
0.568618229545857
1.0719057550770317
0.08297517304124076
0.07800847407135114
0.07020724363748165
0.06786618533813382
0.043582944957781006
0.05946164624726287
0.05010134106856956
0.08759653718080065
0.07332066742626607
0.09073366637489924
0.11768203536235564
0.06985803773385187
0.04601598149634385
0.02758240806141099
0.04533237147797278
0.0015214948630276808
0.08489716958208156
0.010400497345702874
0.16445920817138432
0.07341362236356841
0.030194166258849513
0.030943746615136315
0.037497407705213565
0.04035015508267686
0.06347731982964408
0.19642508442714374
0.12511540704360186
0.08592986386986287
0.18933037349098944
0.18734294985482092
0.11042032435487026
0.016616420662486933
0.053648038682009826
0.00936510178851231
0.021554335634545924
0.009252943392123314
0.01673889402428943
0.03022967393413021
0.03474774091549249
0.008929620919409523
0.005368512751027837
0.007983155800043242
0.006905050351674001
0.0026085425705308636
0.0
