Sample description: Zero Background (ZB) reduction performed following an available procedure of the BioSAXS beamline operated by ANSTO at the Australian Synchrotron.
Sample: Zero Background  c= 0 mg/ml  Code: 
Parent(s): /home/st/nov/fin/ins2/scale2/c0.dat
  3.637912e-02   6.738320e-03   1.746009e-05
  3.764914e-02   6.813620e-03   1.694411e-05
  3.891916e-02   6.899220e-03   1.635894e-05
  4.018918e-02   6.928580e-03   1.605155e-05
  4.145920e-02   6.954990e-03   1.569861e-05
  4.272922e-02   6.953360e-03   1.539496e-05
  4.399924e-02   6.971160e-03   1.535832e-05
  4.526927e-02   6.949030e-03   1.508660e-05
  4.653929e-02   6.936660e-03   1.489805e-05
  4.780931e-02   6.890750e-03   1.489808e-05
  4.907933e-02   6.862990e-03   1.476965e-05
  5.034935e-02   6.790640e-03   1.465175e-05
  5.161937e-02   6.736450e-03   1.459990e-05
  5.288939e-02   6.670070e-03   1.440135e-05
  5.415941e-02   6.620370e-03   1.429778e-05
  5.542943e-02   6.555630e-03   1.423097e-05
  5.669945e-02   6.486820e-03   1.405455e-05
  5.796948e-02   6.400150e-03   1.400911e-05
  5.923950e-02   6.326450e-03   1.392386e-05
  6.050952e-02   6.231330e-03   1.373706e-05
  6.177954e-02   6.169900e-03   1.372374e-05
  6.304956e-02   6.084320e-03   1.360440e-05
  6.431958e-02   6.004390e-03   1.328074e-05
  6.558960e-02   5.904880e-03   1.287830e-05
  6.685962e-02   5.828410e-03   1.254928e-05
  6.812964e-02   5.733390e-03   1.223128e-05
  6.939967e-02   5.639610e-03   1.205335e-05
  7.066969e-02   5.539380e-03   1.182074e-05
  7.193971e-02   5.452840e-03   1.162938e-05
  7.320973e-02   5.390720e-03   1.150553e-05
  7.447975e-02   5.300380e-03   1.129402e-05
  7.574977e-02   5.204820e-03   1.116055e-05
  7.701979e-02   5.107850e-03   1.104642e-05
  7.828981e-02   5.023960e-03   1.086656e-05
  7.955983e-02   4.916180e-03   1.077136e-05
  8.082985e-02   4.836460e-03   1.067051e-05
  8.209988e-02   4.750770e-03   1.050256e-05
  8.336990e-02   4.665350e-03   1.042733e-05
  8.463992e-02   4.574080e-03   1.031184e-05
  8.590994e-02   4.499820e-03   1.016798e-05
  8.717996e-02   4.401400e-03   1.010284e-05
  8.844998e-02   4.319970e-03   9.984922e-06
  8.972000e-02   4.245740e-03   9.869649e-06
  9.099002e-02   4.148740e-03   9.818801e-06
  9.226004e-02   4.075890e-03   9.706569e-06
  9.353006e-02   3.985740e-03   9.615378e-06
  9.480009e-02   3.906600e-03   9.555915e-06
  9.607011e-02   3.815510e-03   9.430087e-06
  9.734013e-02   3.743450e-03   9.359335e-06
  9.861015e-02   3.655960e-03   9.296991e-06
  9.988017e-02   3.564800e-03   9.179678e-06
  1.011502e-01   3.489060e-03   9.124793e-06
  1.024202e-01   3.423100e-03   9.066158e-06
  1.036902e-01   3.336170e-03   8.970956e-06
  1.049603e-01   3.259370e-03   8.938311e-06
  1.062303e-01   3.192850e-03   8.871072e-06
  1.075003e-01   3.123600e-03   8.783610e-06
  1.087703e-01   3.043430e-03   8.749559e-06
  1.100403e-01   2.984240e-03   8.663807e-06
  1.113104e-01   2.902920e-03   8.593113e-06
  1.125804e-01   2.846010e-03   8.564829e-06
  1.138504e-01   2.775560e-03   8.475060e-06
  1.151204e-01   2.700550e-03   8.425455e-06
  1.163904e-01   2.646450e-03   8.383211e-06
  1.176605e-01   2.579650e-03   8.306395e-06
  1.189305e-01   2.521190e-03   8.354769e-06
  1.202005e-01   2.443470e-03   8.461055e-06
  1.214705e-01   2.378350e-03   8.473228e-06
  1.227405e-01   2.321800e-03   8.504612e-06
  1.240106e-01   2.273830e-03   8.514011e-06
  1.252806e-01   2.186190e-03   8.498956e-06
  1.265506e-01   2.145950e-03   8.501919e-06
  1.278206e-01   2.083910e-03   8.461665e-06
  1.290907e-01   2.031010e-03   8.409656e-06
  1.303607e-01   1.978350e-03   8.370035e-06
  1.316307e-01   1.928150e-03   8.162491e-06
  1.329007e-01   1.895650e-03   8.036483e-06
  1.341707e-01   1.823070e-03   8.027403e-06
  1.354408e-01   1.778960e-03   8.091549e-06
  1.367108e-01   1.730330e-03   8.134815e-06
  1.379808e-01   1.689370e-03   8.155581e-06
  1.392508e-01   1.651770e-03   8.129572e-06
  1.405208e-01   1.608280e-03   8.147060e-06
  1.417909e-01   1.558220e-03   8.175241e-06
  1.430609e-01   1.502030e-03   8.165321e-06
  1.443309e-01   1.484130e-03   8.202104e-06
  1.456009e-01   1.433980e-03   8.221372e-06
  1.468709e-01   1.387250e-03   8.191376e-06
  1.481410e-01   1.347450e-03   8.209544e-06
  1.494110e-01   1.311300e-03   8.194487e-06
  1.506810e-01   1.277320e-03   8.175513e-06
  1.519510e-01   1.242570e-03   8.218404e-06
  1.532211e-01   1.198150e-03   8.200643e-06
  1.544911e-01   1.163980e-03   8.192835e-06
  1.557611e-01   1.139290e-03   8.152142e-06
  1.570311e-01   1.107410e-03   7.963324e-06
  1.583011e-01   1.079440e-03   7.867364e-06
  1.595712e-01   1.046590e-03   7.784374e-06
  1.608412e-01   1.008540e-03   7.692350e-06
  1.621112e-01   9.732500e-04   7.658630e-06
  1.633812e-01   9.517900e-04   7.599771e-06
  1.646512e-01   9.126500e-04   7.536830e-06
  1.659213e-01   9.047200e-04   7.526616e-06
  1.671913e-01   8.659700e-04   7.478607e-06
  1.684613e-01   8.440800e-04   7.419147e-06
  1.697313e-01   8.219500e-04   7.378334e-06
  1.710013e-01   7.897700e-04   7.302087e-06
  1.722714e-01   7.650400e-04   7.249146e-06
  1.735414e-01   7.442300e-04   7.218885e-06
  1.748114e-01   7.293800e-04   7.150278e-06
  1.760814e-01   7.101200e-04   7.121563e-06
  1.773515e-01   6.872900e-04   7.099542e-06
  1.786215e-01   6.577800e-04   7.050642e-06
  1.798915e-01   6.319400e-04   7.042916e-06
  1.811615e-01   6.164600e-04   7.017628e-06
  1.824315e-01   6.054600e-04   6.962162e-06
  1.837016e-01   5.841600e-04   6.935472e-06
  1.849716e-01   5.641800e-04   6.877019e-06
  1.862416e-01   5.503800e-04   6.816789e-06
  1.875116e-01   5.320100e-04   6.788911e-06
  1.887816e-01   5.086000e-04   6.717889e-06
  1.900517e-01   4.958600e-04   6.661835e-06
  1.913217e-01   4.830100e-04   6.631317e-06
  1.925917e-01   4.720200e-04   6.570244e-06
  1.938617e-01   4.579100e-04   6.535982e-06
  1.951317e-01   4.514000e-04   6.508809e-06
  1.964018e-01   4.295900e-04   6.453774e-06
  1.976718e-01   4.183400e-04   6.426835e-06
  1.989418e-01   3.975400e-04   6.386526e-06
  2.002118e-01   3.846800e-04   6.330208e-06
  2.014819e-01   3.758000e-04   6.310274e-06
  2.027519e-01   3.633700e-04   6.273066e-06
  2.040219e-01   3.473100e-04   6.233359e-06
  2.052919e-01   3.463800e-04   6.228004e-06
  2.065619e-01   3.381600e-04   6.199657e-06
  2.078320e-01   3.243900e-04   6.176319e-06
  2.091020e-01   3.175400e-04   6.162473e-06
  2.103720e-01   3.122100e-04   6.126313e-06
  2.116420e-01   3.021100e-04   6.108255e-06
  2.129120e-01   2.871700e-04   6.091780e-06
  2.141821e-01   2.825000e-04   6.054327e-06
  2.154521e-01   2.775300e-04   6.038028e-06
  2.167221e-01   2.612400e-04   6.015734e-06
  2.179921e-01   2.522100e-04   5.979935e-06
  2.192621e-01   2.526200e-04   5.967392e-06
  2.205322e-01   2.432200e-04   5.943300e-06
  2.218022e-01   2.381200e-04   5.915342e-06
  2.230722e-01   2.273400e-04   5.905900e-06
  2.243422e-01   2.136000e-04   5.881410e-06
  2.256123e-01   2.034800e-04   5.872487e-06
  2.268823e-01   2.087400e-04   5.870585e-06
  2.281523e-01   2.021600e-04   5.840242e-06
  2.294223e-01   1.942900e-04   5.826628e-06
  2.306923e-01   1.894900e-04   5.813009e-06
  2.319624e-01   1.908500e-04   5.771953e-06
  2.332324e-01   1.857200e-04   5.754418e-06
  2.345024e-01   1.721200e-04   5.735962e-06
  2.357724e-01   1.763200e-04   5.707929e-06
  2.370424e-01   1.659800e-04   5.697264e-06
  2.383125e-01   1.608400e-04   5.676394e-06
  2.395825e-01   1.609200e-04   5.652346e-06
  2.408525e-01   1.514100e-04   5.656504e-06
  2.421225e-01   1.485600e-04   5.690714e-06
  2.433925e-01   1.436200e-04   5.738683e-06
  2.446626e-01   1.354400e-04   5.767491e-06
  2.459326e-01   1.332400e-04   5.766656e-06
  2.472026e-01   1.270500e-04   5.779656e-06
  2.484726e-01   1.217600e-04   5.793730e-06
  2.497427e-01   1.200200e-04   5.787095e-06
  2.510127e-01   1.187900e-04   5.812089e-06
  2.522827e-01   1.124600e-04   5.821205e-06
  2.535527e-01   1.106000e-04   5.819100e-06
  2.548227e-01   1.170200e-04   5.832517e-06
  2.560928e-01   1.134400e-04   5.815818e-06
  2.573628e-01   1.012500e-04   5.801580e-06
  2.586328e-01   1.033100e-04   5.809066e-06
  2.599028e-01   1.065000e-04   5.798436e-06
  2.611728e-01   1.002200e-04   5.788598e-06
  2.624429e-01   9.458000e-05   5.791101e-06
  2.637129e-01   9.448000e-05   5.706145e-06
  2.649829e-01   8.594000e-05   5.648349e-06
  2.662529e-01   8.763000e-05   5.610192e-06
  2.675229e-01   8.920000e-05   5.561445e-06
  2.687930e-01   8.156000e-05   5.538513e-06
  2.700630e-01   7.656000e-05   5.512024e-06
  2.713330e-01   7.699000e-05   5.476608e-06
  2.726030e-01   7.173000e-05   5.465061e-06
  2.738730e-01   7.443000e-05   5.436644e-06
  2.751431e-01   7.743000e-05   5.408231e-06
  2.764131e-01   7.307000e-05   5.401509e-06
  2.776831e-01   7.242000e-05   5.370012e-06
  2.789531e-01   6.938000e-05   5.344884e-06
  2.802232e-01   6.563000e-05   5.340227e-06
  2.814932e-01   6.391000e-05   5.310161e-06
  2.827632e-01   6.277000e-05   5.295001e-06
  2.840332e-01   7.429000e-05   5.284361e-06
  2.853032e-01   6.279000e-05   5.255620e-06
  2.865733e-01   6.188000e-05   5.253652e-06
  2.878433e-01   5.448000e-05   5.243284e-06
  2.891133e-01   5.762000e-05   5.223741e-06
  2.903833e-01   5.392000e-05   5.232784e-06
  2.916533e-01   5.081000e-05   5.227363e-06
  2.929234e-01   5.214000e-05   5.211795e-06
  2.941934e-01   4.979000e-05   5.212467e-06
  2.954634e-01   4.469000e-05   5.196848e-06
  2.967334e-01   4.826000e-05   5.184013e-06
  2.980034e-01   5.403000e-05   5.180662e-06
  2.992735e-01   4.532000e-05   5.153908e-06
  3.005435e-01   4.449000e-05   5.139988e-06
  3.018135e-01   5.092000e-05   5.127493e-06
  3.030835e-01   4.541000e-05   5.100862e-06
  3.043536e-01   4.484000e-05   5.099207e-06
  3.056236e-01   4.430000e-05   5.090707e-06
  3.068936e-01   4.961000e-05   5.069831e-06
  3.081636e-01   4.377000e-05   5.072153e-06
  3.094336e-01   4.862000e-05   5.062029e-06
  3.107037e-01   4.446000e-05   5.051504e-06
  3.119737e-01   4.028000e-05   5.055803e-06
  3.132437e-01   3.552000e-05   5.043299e-06
  3.145137e-01   4.144000e-05   5.036123e-06
  3.157837e-01   3.809000e-05   5.032153e-06
  3.170538e-01   3.799000e-05   5.008899e-06
  3.183238e-01   4.000000e-05   5.001175e-06
  3.195938e-01   3.921000e-05   4.995175e-06
  3.208638e-01   3.851000e-05   4.971353e-06
  3.221338e-01   4.053000e-05   4.967118e-06
  3.234039e-01   3.602000e-05   4.954526e-06
  3.246739e-01   3.740000e-05   4.935520e-06
  3.259439e-01   4.068000e-05   4.937406e-06
  3.272139e-01   3.868000e-05   4.926023e-06
  3.284840e-01   3.295000e-05   4.918673e-06
  3.297540e-01   3.822000e-05   4.924124e-06
  3.310240e-01   3.898000e-05   4.912507e-06
  3.322940e-01   4.003000e-05   4.937540e-06
  3.335640e-01   3.851000e-05   5.032602e-06
  3.348341e-01   3.633000e-05   5.083355e-06
  3.361041e-01   4.225000e-05   5.113879e-06
  3.373741e-01   4.049000e-05   5.138982e-06
  3.386441e-01   3.647000e-05   5.153820e-06
  3.399141e-01   4.001000e-05   5.183612e-06
  3.411842e-01   3.657000e-05   5.210479e-06
  3.424542e-01   3.900000e-05   5.226289e-06
  3.437242e-01   4.554000e-05   5.252044e-06
  3.449942e-01   4.918000e-05   5.242148e-06
  3.462642e-01   4.440000e-05   5.232256e-06
  3.475343e-01   3.753000e-05   5.241336e-06
  3.488043e-01   5.061000e-05   5.238006e-06
  3.500743e-01   4.312000e-05   5.233550e-06
  3.513443e-01   3.830000e-05   5.230082e-06
  3.526144e-01   3.730000e-05   5.209439e-06
  3.538844e-01   4.575000e-05   5.187255e-06
  3.551544e-01   5.479000e-05   5.116549e-06
  3.564244e-01   4.450000e-05   5.057699e-06
  3.576944e-01   4.916000e-05   5.034699e-06
  3.589645e-01   4.873000e-05   5.002635e-06
  3.602345e-01   4.376000e-05   4.974504e-06
  3.615045e-01   4.516000e-05   4.961361e-06
  3.627745e-01   4.441000e-05   4.916407e-06
  3.640445e-01   4.979000e-05   4.863949e-06
  3.653146e-01   4.982000e-05   4.831926e-06
  3.665846e-01   4.883000e-05   4.795295e-06
  3.678546e-01   5.086000e-05   4.779662e-06
  3.691246e-01   6.173000e-05   4.769136e-06
  3.703946e-01   5.163000e-05   4.749637e-06
  3.716647e-01   5.073000e-05   4.751036e-06
  3.729347e-01   5.502000e-05   4.748346e-06
  3.742047e-01   5.643000e-05   4.738897e-06
  3.754747e-01   5.259000e-05   4.749663e-06
  3.767448e-01   5.352000e-05   4.745974e-06
  3.780148e-01   5.393000e-05   4.741721e-06
  3.792848e-01   5.663000e-05   4.744590e-06
  3.805548e-01   5.900000e-05   4.727463e-06
  3.818248e-01   6.042000e-05   4.721543e-06
  3.830949e-01   6.404000e-05   4.719798e-06
  3.843649e-01   5.963000e-05   4.703390e-06
  3.856349e-01   6.218000e-05   4.704266e-06
  3.869049e-01   6.225000e-05   4.701333e-06
  3.881749e-01   6.343000e-05   4.687647e-06
  3.894450e-01   6.560000e-05   4.692858e-06
  3.907150e-01   7.173000e-05   4.681720e-06
  3.919850e-01   5.580000e-05   4.670032e-06
  3.932550e-01   6.733000e-05   4.672109e-06
  3.945250e-01   6.927000e-05   4.660764e-06
  3.957951e-01   6.338000e-05   4.653180e-06
  3.970651e-01   6.289000e-05   4.650135e-06
  3.983351e-01   6.534000e-05   4.629694e-06
  3.996051e-01   7.009000e-05   4.627772e-06
  4.008752e-01   7.193000e-05   4.628518e-06
  4.021452e-01   7.312000e-05   4.612739e-06
  4.034152e-01   6.930000e-05   4.608252e-06
  4.046852e-01   7.070000e-05   4.593180e-06
  4.059552e-01   6.823000e-05   4.577958e-06
  4.072253e-01   5.782000e-05   4.578033e-06
  4.084953e-01   6.613000e-05   4.565362e-06
  4.097653e-01   7.193000e-05   4.558937e-06
  4.110353e-01   6.893000e-05   4.555576e-06
  4.123053e-01   6.713000e-05   4.528372e-06
  4.135754e-01   7.580000e-05   4.510476e-06
  4.148454e-01   7.890000e-05   4.494092e-06
  4.161154e-01   6.991000e-05   4.470027e-06
  4.173854e-01   7.149000e-05   4.465643e-06
  4.186554e-01   7.100000e-05   4.456759e-06
  4.199255e-01   7.730000e-05   4.441868e-06
  4.211955e-01   6.941000e-05   4.443140e-06
  4.224655e-01   6.834000e-05   4.434138e-06
  4.237355e-01   6.889000e-05   4.426063e-06
  4.250056e-01   7.484000e-05   4.427692e-06
  4.262756e-01   7.109000e-05   4.414384e-06
  4.275456e-01   7.157000e-05   4.409110e-06
  4.288156e-01   7.065000e-05   4.407892e-06
  4.300856e-01   7.250000e-05   4.394731e-06
  4.313557e-01   7.661000e-05   4.396022e-06
  4.326257e-01   7.234000e-05   4.392392e-06
  4.338957e-01   6.815000e-05   4.380282e-06
  4.351657e-01   7.643000e-05   4.382538e-06
  4.364357e-01   6.643000e-05   4.373409e-06
  4.377058e-01   6.964000e-05   4.365811e-06
  4.389758e-01   7.156000e-05   4.373134e-06
  4.402458e-01   7.704000e-05   4.400054e-06
  4.415158e-01   6.575000e-05   4.428496e-06
  4.427858e-01   6.742000e-05   4.443738e-06
  4.440559e-01   7.012000e-05   4.446114e-06
  4.453259e-01   7.720000e-05   4.463185e-06
  4.465959e-01   7.028000e-05   4.470507e-06
  4.478659e-01   7.264000e-05   4.471257e-06
  4.491360e-01   6.814000e-05   4.483643e-06
  4.504060e-01   7.428000e-05   4.483694e-06
  4.516760e-01   6.756000e-05   4.485929e-06
  4.529460e-01   6.463000e-05   4.497238e-06
  4.542160e-01   7.355000e-05   4.499166e-06
  4.554861e-01   7.323000e-05   4.507236e-06
  4.567561e-01   7.395000e-05   4.512104e-06
  4.580261e-01   7.161000e-05   4.506582e-06
  4.592961e-01   6.911000e-05   4.519745e-06
  4.605661e-01   6.987000e-05   4.518922e-06
  4.618362e-01   7.261000e-05   4.478125e-06
  4.631062e-01   7.213000e-05   4.458602e-06
  4.643762e-01   7.163000e-05   4.437809e-06
  4.656462e-01   6.513000e-05   4.416187e-06
  4.669162e-01   7.035000e-05   4.408290e-06
  4.681863e-01   6.574000e-05   4.388559e-06
  4.694563e-01   6.660000e-05   4.377352e-06
  4.707263e-01   6.528000e-05   4.374794e-06
  4.719963e-01   7.161000e-05   4.357687e-06
  4.732664e-01   6.641000e-05   4.355207e-06
  4.745364e-01   6.792000e-05   4.350121e-06
  4.758064e-01   5.973000e-05   4.336837e-06
  4.770764e-01   6.364000e-05   4.339398e-06
  4.783464e-01   6.645000e-05   4.336213e-06
  4.796165e-01   6.394000e-05   4.329348e-06
  4.808865e-01   6.632000e-05   4.335063e-06
  4.821565e-01   6.364000e-05   4.346803e-06
  4.834265e-01   6.408000e-05   4.356851e-06
  4.846965e-01   5.933000e-05   4.364591e-06
  4.859666e-01   6.386000e-05   4.361151e-06
  4.872366e-01   6.086000e-05   4.371447e-06
  4.885066e-01   6.179000e-05   4.355461e-06
  4.897766e-01   5.999000e-05   4.322129e-06
  4.910466e-01   5.174000e-05   4.312741e-06
  4.923167e-01   5.883000e-05   4.300400e-06
  4.935867e-01   6.063000e-05   4.283403e-06
  4.948567e-01   5.718000e-05   4.272044e-06
  4.961267e-01   6.366000e-05   4.254294e-06
  4.973967e-01   6.373000e-05   4.248696e-06
  4.986668e-01   5.750000e-05   4.248201e-06
  4.999368e-01   5.572000e-05   4.235728e-06
  5.012068e-01   5.306000e-05   4.235963e-06
  5.024768e-01   5.702000e-05   4.238659e-06
  5.037469e-01   5.879000e-05   4.234597e-06
  5.050169e-01   5.897000e-05   4.246246e-06
  5.062869e-01   5.741000e-05   4.255942e-06
  5.075569e-01   5.223000e-05   4.261439e-06
  5.088269e-01   5.828000e-05   4.264535e-06
  5.100970e-01   5.808000e-05   4.254148e-06
  5.113670e-01   5.802000e-05   4.249337e-06
  5.126370e-01   5.248000e-05   4.241824e-06
  5.139070e-01   5.978000e-05   4.220577e-06
  5.151770e-01   5.115000e-05   4.218794e-06
  5.164471e-01   6.199000e-05   4.214141e-06
  5.177171e-01   5.652000e-05   4.202240e-06
  5.189871e-01   5.800000e-05   4.206115e-06
  5.202571e-01   6.632000e-05   4.203434e-06
  5.215271e-01   5.752000e-05   4.197086e-06
  5.227972e-01   6.180000e-05   4.197711e-06
  5.240672e-01   5.899000e-05   4.191429e-06
  5.253372e-01   5.783000e-05   4.185777e-06
  5.266072e-01   5.400000e-05   4.184103e-06
  5.278773e-01   5.496000e-05   4.173865e-06
  5.291473e-01   5.220000e-05   4.172280e-06
  5.304173e-01   5.571000e-05   4.177214e-06
  5.316873e-01   6.072000e-05   4.196669e-06
  5.329573e-01   4.806000e-05   4.217773e-06
  5.342274e-01   4.523000e-05   4.229364e-06
  5.354974e-01   5.438000e-05   4.235716e-06
  5.367674e-01   5.528000e-05   4.251469e-06
  5.380374e-01   5.637000e-05   4.255621e-06
  5.393074e-01   5.084000e-05   4.264120e-06
  5.405775e-01   4.546000e-05   4.278391e-06
  5.418475e-01   5.392000e-05   4.276364e-06
  5.431175e-01   5.219000e-05   4.282554e-06
  5.443875e-01   4.828000e-05   4.284836e-06
  5.456575e-01   5.042000e-05   4.274698e-06
  5.469276e-01   5.637000e-05   4.281732e-06
  5.481976e-01   5.897000e-05   4.286947e-06
  5.494676e-01   5.895000e-05   4.286600e-06
  5.507376e-01   5.563000e-05   4.291895e-06
  5.520077e-01   5.794000e-05   4.286442e-06
  5.532777e-01   4.691000e-05   4.288534e-06
  5.545477e-01   5.053000e-05   4.294705e-06
  5.558177e-01   5.310000e-05   4.288171e-06
  5.570877e-01   4.835000e-05   4.294222e-06
  5.583578e-01   5.265000e-05   4.297132e-06
  5.596278e-01   5.437000e-05   4.293556e-06
  5.608978e-01   5.691000e-05   4.306425e-06
  5.621678e-01   5.633000e-05   4.315286e-06
  5.634378e-01   5.382000e-05   4.324850e-06
  5.647079e-01   5.054000e-05   4.341205e-06
  5.659779e-01   5.030000e-05   4.342109e-06
  5.672479e-01   5.231000e-05   4.349418e-06
  5.685179e-01   5.115000e-05   4.355264e-06
  5.697879e-01   4.910000e-05   4.348088e-06
  5.710580e-01   5.274000e-05   4.354596e-06
  5.723280e-01   5.176000e-05   4.356741e-06
  5.735980e-01   5.536000e-05   4.353592e-06
  5.748680e-01   5.241000e-05   4.362901e-06
  5.761381e-01   5.314000e-05   4.359055e-06
  5.774081e-01   5.357000e-05   4.359411e-06
  5.786781e-01   5.545000e-05   4.363220e-06
  5.799481e-01   5.272000e-05   4.376125e-06
  5.812181e-01   5.566000e-05   4.419517e-06
  5.824882e-01   5.936000e-05   4.445495e-06
  5.837582e-01   5.682000e-05   4.456813e-06
  5.850282e-01   5.104000e-05   4.473596e-06
  5.862982e-01   4.498000e-05   4.481718e-06
  5.875682e-01   4.863000e-05   4.483806e-06
  5.888383e-01   5.100000e-05   4.498078e-06
  5.901083e-01   5.370000e-05   4.505004e-06
  5.913783e-01   5.968000e-05   4.516369e-06
  5.926483e-01   5.493000e-05   4.532218e-06
  5.939183e-01   5.175000e-05   4.539513e-06
  5.951884e-01   5.382000e-05   4.555483e-06
  5.964584e-01   5.769000e-05   4.566296e-06
  5.977284e-01   5.209000e-05   4.568049e-06
  5.989984e-01   4.934000e-05   4.582619e-06
  6.002685e-01   5.067000e-05   4.591632e-06
  6.015385e-01   5.336000e-05   4.600798e-06
  6.028085e-01   5.951000e-05   4.616319e-06
  6.040785e-01   5.083000e-05   4.622221e-06
  6.053485e-01   4.863000e-05   4.634282e-06
  6.066186e-01   5.916000e-05   4.647673e-06
  6.078886e-01   5.463000e-05   4.650270e-06
  6.091586e-01   5.632000e-05   4.663670e-06
  6.104286e-01   5.201000e-05   4.673074e-06
  6.116986e-01   4.629000e-05   4.679291e-06
  6.129687e-01   4.908000e-05   4.698502e-06
  6.142387e-01   5.735000e-05   4.708071e-06
  6.155087e-01   4.637000e-05   4.720747e-06
  6.167787e-01   5.380000e-05   4.732644e-06
  6.180487e-01   5.680000e-05   4.731218e-06
  6.193188e-01   4.787000e-05   4.744771e-06
  6.205888e-01   4.940000e-05   4.757051e-06
  6.218588e-01   4.585000e-05   4.762292e-06
  6.231288e-01   5.041000e-05   4.782132e-06
  6.243989e-01   5.084000e-05   4.801252e-06
  6.256689e-01   4.834000e-05   4.817606e-06
  6.269389e-01   4.950000e-05   4.838314e-06
  6.282089e-01   4.865000e-05   4.842012e-06
  6.294789e-01   4.776000e-05   4.849668e-06
  6.307490e-01   5.390000e-05   4.855521e-06
  6.320190e-01   5.536000e-05   4.850278e-06
  6.332890e-01   5.196000e-05   4.856595e-06
  6.345590e-01   5.696000e-05   4.850387e-06
  6.358290e-01   5.130000e-05   4.838697e-06
  6.370991e-01   5.156000e-05   4.876015e-06
  6.383691e-01   4.792000e-05   4.925826e-06
  6.396391e-01   5.462000e-05   4.961461e-06
  6.409091e-01   5.313000e-05   4.990333e-06
  6.421791e-01   4.952000e-05   5.008731e-06
  6.434492e-01   4.423000e-05   5.035684e-06
  6.447192e-01   4.689000e-05   5.061586e-06
  6.459892e-01   4.503000e-05   5.085492e-06
  6.472592e-01   5.136000e-05   5.114525e-06
  6.485293e-01   5.314000e-05   5.129940e-06
  6.497993e-01   5.092000e-05   5.153930e-06
  6.510693e-01   4.865000e-05   5.180346e-06
  6.523393e-01   4.393000e-05   5.203155e-06
  6.536093e-01   4.402000e-05   5.233964e-06
  6.548794e-01   4.445000e-05   5.259999e-06
  6.561494e-01   4.834000e-05   5.280346e-06
  6.574194e-01   3.935000e-05   5.303886e-06
  6.586894e-01   3.940000e-05   5.266896e-06
  6.599594e-01   4.866000e-05   5.235253e-06
  6.612295e-01   5.113000e-05   5.229867e-06
  6.624995e-01   4.484000e-05   5.217002e-06
  6.637695e-01   5.022000e-05   5.221381e-06
  6.650395e-01   4.092000e-05   5.228063e-06
  6.663095e-01   3.647000e-05   5.222696e-06
  6.675796e-01   4.392000e-05   5.234223e-06
  6.688496e-01   4.063000e-05   5.235684e-06
  6.701196e-01   4.399000e-05   5.238641e-06
  6.713896e-01   4.388000e-05   5.244600e-06
  6.726597e-01   4.283000e-05   5.231343e-06
  6.739297e-01   3.851000e-05   5.230453e-06
  6.751997e-01   3.857000e-05   5.235489e-06
  6.764697e-01   3.563000e-05   5.232164e-06
  6.777397e-01   4.033000e-05   5.244412e-06
  6.790098e-01   3.839000e-05   5.247288e-06
  6.802798e-01   4.155000e-05   5.247564e-06
  6.815498e-01   4.118000e-05   5.256405e-06
  6.828198e-01   3.724000e-05   5.251204e-06
  6.840898e-01   3.895000e-05   5.255829e-06
  6.853599e-01   3.562000e-05   5.265695e-06
  6.866299e-01   4.119000e-05   5.264144e-06
  6.878999e-01   3.546000e-05   5.277286e-06
  6.891699e-01   4.079000e-05   5.283946e-06
  6.904399e-01   4.044000e-05   5.283233e-06
  6.917100e-01   4.126000e-05   5.292371e-06
  6.929800e-01   3.833000e-05   5.292403e-06
  6.942500e-01   3.169000e-05   5.301029e-06
  6.955200e-01   3.033000e-05   5.314048e-06
  6.967901e-01   3.594000e-05   5.308800e-06
  6.980601e-01   2.996000e-05   5.321269e-06
  6.993301e-01   3.308000e-05   5.328868e-06
  7.006001e-01   3.391000e-05   5.326745e-06
  7.018701e-01   3.132000e-05   5.338251e-06
  7.031402e-01   2.821000e-05   5.349775e-06
  7.044102e-01   2.752000e-05   5.366683e-06
  7.056802e-01   2.929000e-05   5.388261e-06
  7.069502e-01   2.705000e-05   5.399154e-06
  7.082202e-01   2.683000e-05   5.423820e-06
  7.094903e-01   2.990000e-05   5.431897e-06
  7.107603e-01   2.267000e-05   5.425237e-06
  7.120303e-01   2.253000e-05   5.435710e-06
  7.133003e-01   3.001000e-05   5.433218e-06
Parent(s): /home/st/nov/fin/ins2/scale2/c0.dat
The version of the BioSAXS data reduction algorithm software was: 0.7.5
Acquisition started on 2025-11-14 05: 54:19.024738
Acquisition ended on 2025-11-14 05: 54:54.860086
Centre x pixel nominal, Centre y pixel nominal: (0.0, 0.0)
The data for sample empty_capillary, run 6a419f95-d3ae-4a40-ac54-9260a19c5d27, marked is_calibrant, was sourced from file: 2025-11-13_12-48-04-490_EPN24915_empty_.hdf, averaged over all frames
The data for sample ludox_as40, run dabadce8-2253-4ed2-8e8b-00461c93f23c, marked is_calibrant, was sourced from file: 2025-11-13_12-53-54-787_EPN24915_ludox_.hdf, averaged over all frames
lower_threshold_fraction: 0.001
upper_threshold_fraction: 1000000.0
sharp_edge_pass_shape: (3, 3)
sharp_edge_change_limit: 0.8
colour_in_range: 50
embiggening_pass_shape: (5, 5)
The actual values for the Centre x pixel, Centre y pixel: (848.537368681422+/-0.02000861317172239, 567.3194069128874+/-0.03700985666575045)
The data for sample water, run 2ccdf44b-ed99-4175-88a1-02189a4fff45, marked is_calibrant, was sourced from file: 2025-11-13_12-49-08-501_EPN24915_water.hdf, averaged over all frames
Azimuthal integration was performed using PyFAI library: https://pyfai.readthedocs.io/
parent: /home/st/nov/fin/ins2/scale2/c0.dat
creator: datop
creator-version: ATSAS 4.1.1-1-20250626 (b3589fd)
datop-operation: /home/st/nov/fin/ins2/scale2/c0.dat SUB /home/st/nov/fin/ins2/scale2/c0b.dat
